43
46
48
51
54
56
62
64
69
70
76
78
82
83
92
93
94
98
101
102
103
104
105
110
112
113
121
122
124
129
141
142
144
151
155
160
165
169
179
198
200
206
209
224
227
232
236
239
240
283
300
322
394
415
498
543
704
718
958
10036


3
10
32
7
209
662
518
189
1143
143
234
470
226
1
25
15
21
20
59
198
695
122
145
662
518
189
297
79
50
91
61
560
148
498
76
394
225
224
209
297
79
50
91
61
560
86
152
213
208
101
19
2
23
31
33
4
5
83
64
10036
62
662
518
189
86
152
213
208
239
112
129
48
297
79
50
91
61
560
142
37
206
160
141
102
121
415
138
209
86
152
213
208